2.0 0.000237154 1.0 321.0
3.0 -0.002190987 1.0 161.0
6.0 -0.009841399 1.0 81.0
6.0 -0.019033264 1.0 41.0
2.0 -0.0215476 1.0 21.0
4.0 -0.028450775 1.0 11.0
4.0 -0.036413495 1.0 5.0
6.0 -0.047922435 1.0 3.0
6.0 -0.048334592999999995 1.0 4.0
-1.0 -0.027294442 -1.0 -1.0
-1.0 -0.036374727 -1.0 -1.0
-1.0 -0.008676646 -1.0 -1.0
4.0 -0.029021541 1.0 3.0
2.0 -0.035247711 1.0 4.0
-1.0 -0.021032886 -1.0 -1.0
-1.0 -0.011889142 -1.0 -1.0
-1.0 -0.011895017 -1.0 -1.0
1.0 -0.027263206 1.0 5.0
5.0 -0.004657935 1.0 3.0
4.0 -0.0262144605 1.0 4.0
-1.0 -0.019774104 -1.0 -1.0
-1.0 -0.01411308 -1.0 -1.0
-1.0 -0.010673606 -1.0 -1.0
5.0 -0.0110986385 1.0 4.0
-1.0 -0.02595065 -1.0 -1.0
-1.0 -0.017031881 -1.0 -1.0
3.0 -0.013978028 1.0 9.0
4.0 -0.021691071 1.0 5.0
1.0 -0.018979079 1.0 3.0
1.0 -0.026998282999999998 1.0 4.0
-1.0 -0.006233492 -1.0 -1.0
-1.0 -0.011049522 -1.0 -1.0
-1.0 -0.027590293 -1.0 -1.0
1.0 0.00017892150000000002 1.0 4.0
-1.0 0.000543172 -1.0 -1.0
-1.0 -0.014772748 -1.0 -1.0
2.0 -0.010120103 1.0 5.0
1.0 -0.026097229 1.0 3.0
2.0 -0.013742234499999999 1.0 4.0
-1.0 -0.003233047 -1.0 -1.0
-1.0 -0.004837023 -1.0 -1.0
-1.0 -0.002056452 -1.0 -1.0
2.0 -0.004229845 1.0 4.0
-1.0 0.002242539 -1.0 -1.0
-1.0 -0.006150131 -1.0 -1.0
1.0 -0.012585573999999999 1.0 19.0
0.0 -0.017082984 1.0 9.0
0.0 -0.037541093 1.0 5.0
6.0 -0.013525735 1.0 3.0
0.0 -0.039951124 1.0 4.0
-1.0 -0.022629745 -1.0 -1.0
-1.0 -0.015299989 -1.0 -1.0
-1.0 -0.004029004 -1.0 -1.0
1.0 -0.0221518105 1.0 4.0
-1.0 -0.020015412 -1.0 -1.0
-1.0 -0.013026704 -1.0 -1.0
2.0 -0.016981713 1.0 5.0
0.0 -0.01169267 1.0 3.0
4.0 -0.0095053255 1.0 4.0
-1.0 -0.014855548 -1.0 -1.0
-1.0 -0.00246741 -1.0 -1.0
-1.0 -0.003227249 -1.0 -1.0
3.0 -0.0098336285 1.0 4.0
-1.0 -0.000957736 -1.0 -1.0
-1.0 -0.005447913 -1.0 -1.0
4.0 -0.010761014999999999 1.0 9.0
5.0 -0.002671846 1.0 5.0
0.0 -0.029661366 1.0 3.0
5.0 -0.01927268 1.0 4.0
-1.0 -0.024107193 -1.0 -1.0
-1.0 -0.019091385 -1.0 -1.0
-1.0 -0.006006925 -1.0 -1.0
0.0 -0.0158282655 1.0 4.0
-1.0 -0.009605113 -1.0 -1.0
-1.0 -0.003456886 -1.0 -1.0
3.0 -0.01843108 1.0 5.0
6.0 -0.011988795 1.0 3.0
2.0 -0.003784733 1.0 4.0
-1.0 -0.00619924 -1.0 -1.0
-1.0 4.48e-05 -1.0 -1.0
-1.0 -0.012832464 -1.0 -1.0
6.0 -0.0136221435 1.0 4.0
-1.0 -0.001426894 -1.0 -1.0
-1.0 -0.002221212 -1.0 -1.0
0.0 -0.010471127 1.0 39.0
0.0 -0.021636123 1.0 19.0
1.0 -0.0030087704999999998 1.0 9.0
3.0 -0.015310023 1.0 5.0
2.0 -0.012780802 1.0 3.0
1.0 -0.004229507 1.0 4.0
-1.0 -0.005433699 -1.0 -1.0
-1.0 -0.014859632 -1.0 -1.0
-1.0 -0.012384604 -1.0 -1.0
5.0 -0.0014176885 1.0 4.0
-1.0 -0.005565862 -1.0 -1.0
-1.0 -0.013554059 -1.0 -1.0
0.0 -0.033893469 1.0 5.0
2.0 -0.002420229 1.0 3.0
0.0 -0.0383144825 1.0 4.0
-1.0 -0.010151847 -1.0 -1.0
-1.0 -0.007925997 -1.0 -1.0
-1.0 -0.001827509 -1.0 -1.0
1.0 0.0019177035 1.0 4.0
-1.0 -0.009088137 -1.0 -1.0
-1.0 0.000968207 -1.0 -1.0
1.0 -0.001157474 1.0 9.0
1.0 -0.011878701 1.0 5.0
0.0 -0.015977304 1.0 3.0
2.0 -0.0098618455 1.0 4.0
-1.0 -0.011377315 -1.0 -1.0
-1.0 -0.015968381 -1.0 -1.0
-1.0 -0.006912794 -1.0 -1.0
0.0 -0.0153159525 1.0 4.0
-1.0 -0.00681971 -1.0 -1.0
-1.0 -0.007652558 -1.0 -1.0
4.0 0.000538703 1.0 5.0
3.0 -0.013661316 1.0 3.0
2.0 -0.0066457575 1.0 4.0
-1.0 -0.001784346 -1.0 -1.0
-1.0 0.005879636 -1.0 -1.0
-1.0 -0.001896565 -1.0 -1.0
2.0 -0.007224752500000001 1.0 4.0
-1.0 -0.005280788 -1.0 -1.0
-1.0 -0.007586866 -1.0 -1.0
4.0 0.0009407945 1.0 19.0
3.0 -0.0064681355 1.0 9.0
0.0 -0.006415477 1.0 5.0
1.0 -0.001046374 1.0 3.0
0.0 -0.007120438 1.0 4.0
-1.0 0.008018818 -1.0 -1.0
-1.0 -0.002498259 -1.0 -1.0
-1.0 0.004295981 -1.0 -1.0
2.0 -0.0005535045 1.0 4.0
-1.0 -0.002285129 -1.0 -1.0
-1.0 0.005034855 -1.0 -1.0
2.0 -0.006931136 1.0 5.0
6.0 -0.002959298 1.0 3.0
4.0 -0.0063818475 1.0 4.0
-1.0 -0.007275356 -1.0 -1.0
-1.0 0.000791961 -1.0 -1.0
-1.0 -0.010681845 -1.0 -1.0
5.0 -0.008360506 1.0 4.0
-1.0 -0.009662437 -1.0 -1.0
-1.0 -0.00754002 -1.0 -1.0
6.0 0.003958099499999999 1.0 9.0
3.0 -0.004077191 1.0 5.0
2.0 -0.005414533 1.0 3.0
3.0 -0.0065627425 1.0 4.0
-1.0 0.004129933 -1.0 -1.0
-1.0 -0.005179159 -1.0 -1.0
-1.0 0.002949178 -1.0 -1.0
2.0 -0.00524338 1.0 4.0
-1.0 2.82e-05 -1.0 -1.0
-1.0 0.001229253 -1.0 -1.0
6.0 0.012489601 1.0 5.0
4.0 0.00981059 1.0 3.0
0.0 -0.00020256899999999988 1.0 4.0
-1.0 0.008605912 -1.0 -1.0
-1.0 0.016832183 -1.0 -1.0
-1.0 -0.006314758 -1.0 -1.0
4.0 0.012705693 1.0 4.0
-1.0 0.007414113 -1.0 -1.0
-1.0 -0.005525922 -1.0 -1.0
5.0 0.001105788 1.0 79.0
4.0 0.0022297265 1.0 39.0
1.0 -0.0021398725 1.0 19.0
4.0 -0.0115741145 1.0 9.0
4.0 -0.015674885 1.0 5.0
0.0 0.002293962 1.0 3.0
1.0 -0.0138003155 1.0 4.0
-1.0 -0.006716706 -1.0 -1.0
-1.0 -0.009050756 -1.0 -1.0
-1.0 -0.006472779 -1.0 -1.0
4.0 -0.0126758435 1.0 4.0
-1.0 -0.006730861 -1.0 -1.0
-1.0 0.00967787 -1.0 -1.0
5.0 -0.001707929 1.0 5.0
3.0 0.009859905 1.0 3.0
0.0 0.003201621 1.0 4.0
-1.0 -0.014248555 -1.0 -1.0
-1.0 -0.007802212 -1.0 -1.0
-1.0 0.00200541 -1.0 -1.0
5.0 -0.0006809139999999999 1.0 4.0
-1.0 -0.001846139 -1.0 -1.0
-1.0 0.003495323 -1.0 -1.0
1.0 0.001212571 1.0 9.0
2.0 -0.008647641 1.0 5.0
6.0 0.000879893 1.0 3.0
5.0 -0.008521314 1.0 4.0
-1.0 -0.002245018 -1.0 -1.0
-1.0 -0.005292131 -1.0 -1.0
-1.0 -0.013753547 -1.0 -1.0
5.0 -0.012278154999999999 1.0 4.0
-1.0 -0.007945176 -1.0 -1.0
-1.0 -0.004882582 -1.0 -1.0
4.0 -0.005225307 1.0 5.0
3.0 0.001725406 1.0 3.0
6.0 -0.0066920880000000005 1.0 4.0
-1.0 -0.011881112 -1.0 -1.0
-1.0 -0.015519306 -1.0 -1.0
-1.0 -0.004143634 -1.0 -1.0
0.0 0.0065718955 1.0 4.0
-1.0 -0.006473657 -1.0 -1.0
-1.0 0.002134784 -1.0 -1.0
1.0 0.001549604 1.0 19.0
0.0 0.011764723 1.0 9.0
1.0 -0.004048532 1.0 5.0
3.0 0.002389147 1.0 3.0
4.0 0.013284333499999999 1.0 4.0
-1.0 -0.00146846 -1.0 -1.0
-1.0 -0.002331164 -1.0 -1.0
-1.0 -0.001644294 -1.0 -1.0
0.0 0.0053059125 1.0 4.0
-1.0 0.002228034 -1.0 -1.0
-1.0 0.001068524 -1.0 -1.0
1.0 -0.005959341 1.0 5.0
0.0 0.021205697 1.0 3.0
5.0 -0.004870892999999999 1.0 4.0
-1.0 0.0017334 -1.0 -1.0
-1.0 -0.002419064 -1.0 -1.0
-1.0 0.008880124 -1.0 -1.0
6.0 0.009691204 1.0 4.0
-1.0 0.003606254 -1.0 -1.0
-1.0 0.00053971 -1.0 -1.0
3.0 0.005683932 1.0 9.0
4.0 0.003826994 1.0 5.0
2.0 -0.008858814 1.0 3.0
0.0 -0.0053604925 1.0 4.0
-1.0 -0.003564993 -1.0 -1.0
-1.0 -0.005148888 -1.0 -1.0
-1.0 -0.005227974 -1.0 -1.0
1.0 0.013220452 1.0 4.0
-1.0 0.003611527 -1.0 -1.0
-1.0 0.001377145 -1.0 -1.0
0.0 0.013944427 1.0 5.0
6.0 0.006742021 1.0 3.0
4.0 0.006676874 1.0 4.0
-1.0 -0.0014647 -1.0 -1.0
-1.0 -0.006853521 -1.0 -1.0
-1.0 0.007984955 -1.0 -1.0
4.0 0.0132053465 1.0 4.0
-1.0 0.00816767 -1.0 -1.0
-1.0 0.00839901 -1.0 -1.0
0.0 0.008981284499999999 1.0 39.0
4.0 0.0011974825 1.0 19.0
3.0 0.0017226485 1.0 9.0
4.0 -0.004044152 1.0 5.0
1.0 0.00026336 1.0 3.0
2.0 -0.005599992 1.0 4.0
-1.0 -0.000885489 -1.0 -1.0
-1.0 0.011540842 -1.0 -1.0
-1.0 0.005992172 -1.0 -1.0
5.0 0.0071557275 1.0 4.0
-1.0 -0.000926974 -1.0 -1.0
-1.0 -0.001747153 -1.0 -1.0
2.0 -0.003415873 1.0 5.0
1.0 -0.006979274 1.0 3.0
2.0 -0.0077095754999999995 1.0 4.0
-1.0 0.003596736 -1.0 -1.0
-1.0 -0.004004496 -1.0 -1.0
-1.0 0.003106736 -1.0 -1.0
5.0 0.0036554244999999997 1.0 4.0
-1.0 -0.001430447 -1.0 -1.0
-1.0 8.92e-05 -1.0 -1.0
1.0 -0.0016042945 1.0 9.0
6.0 0.008558729 1.0 5.0
2.0 -0.00384198 1.0 3.0
4.0 0.006399339 1.0 4.0
-1.0 0.000366897 -1.0 -1.0
-1.0 0.001624173 -1.0 -1.0
-1.0 0.005024977 -1.0 -1.0
2.0 -0.008609839000000001 1.0 4.0
-1.0 0.010253879 -1.0 -1.0
-1.0 0.005779977 -1.0 -1.0
2.0 -0.005556013 1.0 5.0
3.0 0.006377468 1.0 3.0
6.0 0.0039664695 1.0 4.0
-1.0 0.002970905 -1.0 -1.0
-1.0 -0.001439076 -1.0 -1.0
-1.0 -0.001744163 -1.0 -1.0
0.0 0.0022183775000000003 1.0 4.0
-1.0 0.004142079 -1.0 -1.0
-1.0 0.005049774 -1.0 -1.0
0.0 0.0148573105 1.0 19.0
3.0 0.0065952445 1.0 9.0
3.0 0.002965501 1.0 5.0
2.0 -0.003255616 1.0 3.0
6.0 0.0014982024999999999 1.0 4.0
-1.0 0.003654103 -1.0 -1.0
-1.0 0.003616272 -1.0 -1.0
-1.0 0.006145259 -1.0 -1.0
1.0 -0.00179936 1.0 4.0
-1.0 0.005761581 -1.0 -1.0
-1.0 -0.004710116 -1.0 -1.0
3.0 0.011414049 1.0 5.0
0.0 0.014048353 1.0 3.0
4.0 -0.001011557 1.0 4.0
-1.0 0.008961924 -1.0 -1.0
-1.0 0.003919997 -1.0 -1.0
-1.0 0.003631322 -1.0 -1.0
0.0 0.014083187 1.0 4.0
-1.0 -0.003184935 -1.0 -1.0
-1.0 0.007195201 -1.0 -1.0
2.0 -0.00714505 1.0 9.0
2.0 -0.012813303 1.0 5.0
0.0 0.018463331 1.0 3.0
3.0 0.0123124815 1.0 4.0
-1.0 -0.002109322 -1.0 -1.0
-1.0 -0.003248157 -1.0 -1.0
-1.0 -0.003770928 -1.0 -1.0
0.0 0.017265404 1.0 4.0
-1.0 0.008768359 -1.0 -1.0
-1.0 0.008160491 -1.0 -1.0
2.0 -0.003505319 1.0 5.0
6.0 -0.00024674 1.0 3.0
0.0 0.028238809999999996 1.0 4.0
-1.0 0.009756269 -1.0 -1.0
-1.0 0.018689238 -1.0 -1.0
-1.0 -0.000280023 -1.0 -1.0
5.0 0.0155282405 1.0 4.0
-1.0 0.016991546 -1.0 -1.0
-1.0 0.010310325 -1.0 -1.0
1.0 0.005178914 1.0 159.0
2.0 0.005515636 1.0 79.0
2.0 0.0025253890000000003 1.0 39.0
3.0 0.0036752125000000004 1.0 19.0
5.0 0.0010874455 1.0 9.0
0.0 -0.02632467 1.0 5.0
6.0 -0.008091769 1.0 3.0
5.0 -0.0014421635 1.0 4.0
-1.0 -0.00670868 -1.0 -1.0
-1.0 -0.013384167 -1.0 -1.0
-1.0 0.000476055 -1.0 -1.0
6.0 0.0009282834999999998 1.0 4.0
-1.0 -0.003799375 -1.0 -1.0
-1.0 0.006881187 -1.0 -1.0
6.0 -0.001813006 1.0 5.0
3.0 -0.000327821 1.0 3.0
4.0 -0.009212299 1.0 4.0
-1.0 0.000255686 -1.0 -1.0
-1.0 0.000130577 -1.0 -1.0
-1.0 -0.003348635 -1.0 -1.0
2.0 0.0013371455 1.0 4.0
-1.0 0.01281572 -1.0 -1.0
-1.0 0.005447372 -1.0 -1.0
0.0 0.011808718499999999 1.0 9.0
1.0 -6.4e-05 1.0 5.0
2.0 0.002182983 1.0 3.0
1.0 -0.002115657 1.0 4.0
-1.0 0.001432271 -1.0 -1.0
-1.0 0.004411033 -1.0 -1.0
-1.0 0.004925464 -1.0 -1.0
1.0 0.0031889835 1.0 4.0
-1.0 -0.003161803 -1.0 -1.0
-1.0 0.01104966 -1.0 -1.0
6.0 0.002831483 1.0 5.0
2.0 0.001685693 1.0 3.0
3.0 0.016982476 1.0 4.0
-1.0 0.001038585 -1.0 -1.0
-1.0 0.006764498 -1.0 -1.0
-1.0 0.003226381 -1.0 -1.0
3.0 0.011956453499999999 1.0 4.0
-1.0 0.009279397 -1.0 -1.0
-1.0 0.016065598 -1.0 -1.0
5.0 0.0011399675 1.0 19.0
4.0 -0.0047602914999999996 1.0 9.0
5.0 -0.009543543 1.0 5.0
3.0 -0.005580513 1.0 3.0
5.0 -0.015057346499999999 1.0 4.0
-1.0 -0.006819675 -1.0 -1.0
-1.0 -0.006927662 -1.0 -1.0
-1.0 0.00331358 -1.0 -1.0
4.0 -0.009844328 1.0 4.0
-1.0 -0.004827138 -1.0 -1.0
-1.0 0.000340849 -1.0 -1.0
2.0 0.003504023 1.0 5.0
0.0 0.004102904 1.0 3.0
5.0 -0.0025868479999999997 1.0 4.0
-1.0 -0.000195527 -1.0 -1.0
-1.0 0.002133719 -1.0 -1.0
-1.0 0.00351221 -1.0 -1.0
5.0 -0.0011608825 1.0 4.0
-1.0 0.00132698 -1.0 -1.0
-1.0 0.004035826 -1.0 -1.0
0.0 0.0108234205 1.0 9.0
2.0 0.003515045 1.0 5.0
6.0 0.001974271 1.0 3.0
3.0 -0.007424234 1.0 4.0
-1.0 0.004233582 -1.0 -1.0
-1.0 0.007803515 -1.0 -1.0
-1.0 0.010282347 -1.0 -1.0
0.0 -0.0181749215 1.0 4.0
-1.0 -0.010536916 -1.0 -1.0
-1.0 0.004725268 -1.0 -1.0
5.0 0.015362945 1.0 5.0
2.0 0.003163063 1.0 3.0
4.0 0.0024381995 1.0 4.0
-1.0 0.00806674 -1.0 -1.0
-1.0 0.000513917 -1.0 -1.0
-1.0 0.003712147 -1.0 -1.0
1.0 -0.001373453 1.0 4.0
-1.0 0.019623396 -1.0 -1.0
-1.0 0.010755726 -1.0 -1.0
6.0 0.0014952435 1.0 39.0
6.0 -0.0042783115 1.0 19.0
1.0 -0.002256376 1.0 9.0
2.0 0.008908941 1.0 5.0
0.0 -0.016477754 1.0 3.0
4.0 -0.006019564999999999 1.0 4.0
-1.0 -0.004860192 -1.0 -1.0
-1.0 -0.003116793 -1.0 -1.0
-1.0 0.000318169 -1.0 -1.0
3.0 -0.02793398 1.0 4.0
-1.0 -0.006025 -1.0 -1.0
-1.0 -0.0087413 -1.0 -1.0
0.0 -0.003590842 1.0 5.0
4.0 -0.006568908 1.0 3.0
6.0 -0.005961201 1.0 4.0
-1.0 -0.002310732 -1.0 -1.0
-1.0 0.000917437 -1.0 -1.0
-1.0 -0.001999212 -1.0 -1.0
2.0 0.010075807999999999 1.0 4.0
-1.0 -0.004415635 -1.0 -1.0
-1.0 -0.001180117 -1.0 -1.0
1.0 0.0015377809999999998 1.0 9.0
5.0 0.004634515 1.0 5.0
5.0 0.000360093 1.0 3.0
4.0 0.0017478885000000001 1.0 4.0
-1.0 0.003266443 -1.0 -1.0
-1.0 -0.000190542 -1.0 -1.0
-1.0 0.00532962 -1.0 -1.0
2.0 0.009242773999999999 1.0 4.0
-1.0 0.005533577 -1.0 -1.0
-1.0 0.002789387 -1.0 -1.0
5.0 0.005374682 1.0 5.0
3.0 0.009736797 1.0 3.0
5.0 0.0018579325 1.0 4.0
-1.0 -0.004085144 -1.0 -1.0
-1.0 0.005174924 -1.0 -1.0
-1.0 0.005385996 -1.0 -1.0
5.0 0.01302589 1.0 4.0
-1.0 0.007504972 -1.0 -1.0
-1.0 0.001776709 -1.0 -1.0
0.0 0.004894529 1.0 19.0
3.0 -0.0040599835 1.0 9.0
0.0 -0.006658603 1.0 5.0
1.0 0.0 1.0 3.0
0.0 -0.014353857499999999 1.0 4.0
-1.0 -0.005331499 -1.0 -1.0
-1.0 0.013928806 -1.0 -1.0
-1.0 -0.014676581 -1.0 -1.0
2.0 0.0072581534999999996 1.0 4.0
-1.0 0.008323168 -1.0 -1.0
-1.0 0.005524348 -1.0 -1.0
6.0 0.003346326 1.0 5.0
5.0 0.005030739 1.0 3.0
2.0 0.0094640355 1.0 4.0
-1.0 0.006937873 -1.0 -1.0
-1.0 0.007861466 -1.0 -1.0
-1.0 0.009237022 -1.0 -1.0
4.0 0.0040617745 1.0 4.0
-1.0 0.013448054 -1.0 -1.0
-1.0 0.002852183 -1.0 -1.0
1.0 0.000545255 1.0 9.0
5.0 0.007991912 1.0 5.0
3.0 0.024729439 1.0 3.0
0.0 0.0225554345 1.0 4.0
-1.0 0.005150131 -1.0 -1.0
-1.0 0.015586943 -1.0 -1.0
-1.0 0.028524462 -1.0 -1.0
4.0 0.0097767765 1.0 4.0
-1.0 0.00685449 -1.0 -1.0
-1.0 0.015165589 -1.0 -1.0
5.0 0.004139817 1.0 5.0
1.0 0.001404348 1.0 3.0
0.0 0.025103983 1.0 4.0
-1.0 0.007745793 -1.0 -1.0
-1.0 0.018558259 -1.0 -1.0
-1.0 -0.004498994 -1.0 -1.0
5.0 0.0051205585000000005 1.0 4.0
-1.0 0.004211632 -1.0 -1.0
-1.0 0.004343661 -1.0 -1.0
4.0 0.010702015 1.0 79.0
3.0 0.0032486445 1.0 39.0
0.0 -0.007746069 1.0 19.0
6.0 -0.0022876420000000003 1.0 9.0
1.0 0.014912655 1.0 5.0
0.0 -0.009280968 1.0 3.0
1.0 0.008514652000000001 1.0 4.0
-1.0 -0.009722941 -1.0 -1.0
-1.0 -0.005011615 -1.0 -1.0
-1.0 0.00112439 -1.0 -1.0
3.0 -0.005663959 1.0 4.0
-1.0 0.002688691 -1.0 -1.0
-1.0 0.008582894 -1.0 -1.0
0.0 -0.020089707 1.0 5.0
0.0 -0.024484193 1.0 3.0
0.0 -0.025493605000000003 1.0 4.0
-1.0 -0.001283652 -1.0 -1.0
-1.0 -0.002326162 -1.0 -1.0
-1.0 -0.000892236 -1.0 -1.0
2.0 0.0140819755 1.0 4.0
-1.0 0.00157399 -1.0 -1.0
-1.0 0.002072505 -1.0 -1.0
0.0 0.0022582405 1.0 9.0
5.0 0.015909378 1.0 5.0
6.0 0.005011186 1.0 3.0
4.0 0.00040970799999999995 1.0 4.0
-1.0 -0.005092242 -1.0 -1.0
-1.0 -0.001144755 -1.0 -1.0
-1.0 0.003336998 -1.0 -1.0
1.0 0.0156195275 1.0 4.0
-1.0 0.007336415 -1.0 -1.0
-1.0 0.016417645 -1.0 -1.0
4.0 0.006450039 1.0 5.0
5.0 -0.000900703 1.0 3.0
6.0 0.006355827499999999 1.0 4.0
-1.0 0.006657004 -1.0 -1.0
-1.0 0.00236358 -1.0 -1.0
-1.0 0.007196694 -1.0 -1.0
6.0 0.0093494665 1.0 4.0
-1.0 -0.00334572 -1.0 -1.0
-1.0 0.002853029 -1.0 -1.0
0.0 0.004958553 1.0 19.0
5.0 -0.017452253 1.0 9.0
6.0 0.002924642 1.0 5.0
1.0 0.006435592 1.0 3.0
4.0 0.0013980025 1.0 4.0
-1.0 -0.008077319 -1.0 -1.0
-1.0 -0.001535758 -1.0 -1.0
-1.0 -0.011305019 -1.0 -1.0
1.0 0.030475224999999998 1.0 4.0
-1.0 -0.007276574 -1.0 -1.0
-1.0 0.005419475 -1.0 -1.0
6.0 -6.1e-05 1.0 5.0
2.0 0.0048923 1.0 3.0
3.0 0.008956370500000001 1.0 4.0
-1.0 0.006176262 -1.0 -1.0
-1.0 0.000841483 -1.0 -1.0
-1.0 0.000105052 -1.0 -1.0
1.0 0.010458181 1.0 4.0
-1.0 0.000977497 -1.0 -1.0
-1.0 0.005590222 -1.0 -1.0
2.0 0.010073158 1.0 9.0
2.0 0.007274059 1.0 5.0
1.0 0.006837444 1.0 3.0
6.0 0.003730975 1.0 4.0
-1.0 -0.003350004 -1.0 -1.0
-1.0 0.002888594 -1.0 -1.0
-1.0 -0.007263452 -1.0 -1.0
0.0 0.030452068 1.0 4.0
-1.0 0.008309652 -1.0 -1.0
-1.0 -0.007501084 -1.0 -1.0
5.0 0.008049079 1.0 5.0
1.0 0.012955814 1.0 3.0
0.0 0.0171277725 1.0 4.0
-1.0 0.006022186 -1.0 -1.0
-1.0 0.012960538 -1.0 -1.0
-1.0 0.001991938 -1.0 -1.0
1.0 0.011231346500000001 1.0 4.0
-1.0 0.009468899 -1.0 -1.0
-1.0 0.005080761 -1.0 -1.0
5.0 0.0018959475 1.0 39.0
6.0 0.023865606499999997 1.0 19.0
5.0 -0.0018475975 1.0 9.0
5.0 -0.002494255 1.0 5.0
6.0 0.015536746 1.0 3.0
1.0 0.014063751 1.0 4.0
-1.0 0.009702045 -1.0 -1.0
-1.0 0.006771126 -1.0 -1.0
-1.0 -0.002746053 -1.0 -1.0
6.0 0.018035359 1.0 4.0
-1.0 0.022915147 -1.0 -1.0
-1.0 0.010830679 -1.0 -1.0
0.0 0.03099938 1.0 5.0
3.0 0.012526916 1.0 3.0
6.0 0.017271401999999998 1.0 4.0
-1.0 0.008943 -1.0 -1.0
-1.0 0.011872228 -1.0 -1.0
-1.0 0.00716741 -1.0 -1.0
1.0 0.0171624035 1.0 4.0
-1.0 0.016159052 -1.0 -1.0
-1.0 0.010736761 -1.0 -1.0
5.0 -0.005283116 1.0 9.0
4.0 0.021345107 1.0 5.0
1.0 0.017652877 1.0 3.0
4.0 0.017738696499999998 1.0 4.0
-1.0 -0.003191672 -1.0 -1.0
-1.0 0.012718686 -1.0 -1.0
-1.0 0.027348038 -1.0 -1.0
2.0 0.0127579255 1.0 4.0
-1.0 0.010319685 -1.0 -1.0
-1.0 0.006812872 -1.0 -1.0
4.0 0.027037465 1.0 5.0
2.0 0.023769337 1.0 3.0
0.0 0.035676158 1.0 4.0
-1.0 0.016426627 -1.0 -1.0
-1.0 0.013076211 -1.0 -1.0
-1.0 0.027435226 -1.0 -1.0
1.0 0.06504254500000001 1.0 4.0
-1.0 0.024909954 -1.0 -1.0
-1.0 0.044121571 -1.0 -1.0
0.0 0.0271582465 1.0 19.0
3.0 0.01301424 1.0 9.0
6.0 0.026285309 1.0 5.0
4.0 0.015173935 1.0 3.0
1.0 0.0217218685 1.0 4.0
-1.0 0.01569294 -1.0 -1.0
-1.0 0.010020454 -1.0 -1.0
-1.0 0.015463595 -1.0 -1.0
0.0 0.0090493085 1.0 4.0
-1.0 0.030311506 -1.0 -1.0
-1.0 0.014404659 -1.0 -1.0
4.0 0.014198886 1.0 5.0
3.0 0.019757306 1.0 3.0
5.0 0.0221925335 1.0 4.0
-1.0 0.013296568 -1.0 -1.0
-1.0 0.023092409 -1.0 -1.0
-1.0 -0.002621474 -1.0 -1.0
4.0 0.016780207000000002 1.0 4.0
-1.0 0.015813252 -1.0 -1.0
-1.0 0.017839994 -1.0 -1.0
2.0 0.0240419985 1.0 9.0
2.0 0.018926038 1.0 5.0
6.0 0.014976002 1.0 3.0
4.0 0.013214619 1.0 4.0
-1.0 0.008772644 -1.0 -1.0
-1.0 0.006223865 -1.0 -1.0
-1.0 0.010000404 -1.0 -1.0
1.0 0.024256297 1.0 4.0
-1.0 0.016398626 -1.0 -1.0
-1.0 0.029978301 -1.0 -1.0
5.0 0.036672343 1.0 5.0
1.0 0.033006834 1.0 3.0
4.0 0.025184998 1.0 4.0
-1.0 0.022418509 -1.0 -1.0
-1.0 0.022104103 -1.0 -1.0
-1.0 0.027695855 -1.0 -1.0
3.0 0.041691044 1.0 4.0
-1.0 0.038506193 -1.0 -1.0
-1.0 0.025812429 -1.0 -1.0
